subjectId	activityId	freq	timeBodyAccMagnitudeMean	timeBodyAccMagnitudeStdDev	timeGravityAccMagnitudeMean	timeGravityAccMagnitudeStdDev	timeBodyAccJerkMagnitudeMean	timeBodyAccJerkMagnitudeStdDev	timeBodyGyroMagnitudeMean	timeBodyGyroMagnitudeStdDev	timeBodyGyroJerkMagnitudeMean	timeBodyGyroJerkMagnitudeStdDev	freqBodyAccMagnitudeMean	freqBodyAccMagnitudeStdDev	freqBodyBodyAccJerkMagnitudeMean	freqBodyBodyAccJerkMagnitudeStdDev	freqBodyBodyGyroMagnitudeMean	freqBodyBodyGyroMagnitudeStdDev	freqBodyBodyGyroJerkMagnitudeMean	freqBodyBodyGyroJerkMagnitudeStdDev	activityType
1	1	1	-0.136971177	-0.219688646	-0.136971177	-0.219688646	-0.141428809	-0.07447175	-0.160979553	-0.186978365	-0.298703679	-0.325324879	-0.128623451	-0.398032587	-0.0571194	-0.103492403	-0.199252569	-0.321017954	-0.319308594	-0.381601912	WALKING
2	1	10	-0.127400912	-0.185602396	-0.127400912	-0.185602396	-0.132624992	0.037608338	-0.15645873	-0.402025136	-0.440363637	-0.501027917	-0.093023742	-0.370471944	0.020518952	0.050208763	-0.41261691	-0.499759797	-0.515065336	-0.517675799	WALKING
3	1	8	0.051678628	-0.180407283	0.051678628	-0.180407283	-0.066832243	-0.184571054	-0.003102438	-0.238746704	-0.33912927	-0.502957255	-0.095217283	-0.360818979	-0.12383441	-0.27643613	-0.301241849	-0.327459578	-0.473026231	-0.581240191	WALKING
4	1	17	-0.151151488	-0.461837867	-0.151151488	-0.461837867	-0.301093269	-0.275672786	-0.335009837	-0.522494764	-0.517167441	-0.539708491	-0.429380043	-0.565162508	-0.335938892	-0.21123186	-0.518618059	-0.615320078	-0.58271186	-0.520385479	WALKING
5	1	15	-0.186514651	-0.323878324	-0.186514651	-0.323878324	-0.320129323	-0.310071425	-0.243711124	-0.425798469	-0.543979501	-0.637785955	-0.275156242	-0.458344792	-0.289753952	-0.342411928	-0.489166384	-0.481750219	-0.645075178	-0.654010147	WALKING
6	1	4	-0.312050574	-0.527679103	-0.312050574	-0.527679103	-0.36670088	-0.316918956	-0.497792201	-0.553116111	-0.681304037	-0.730146369	-0.450804558	-0.651172628	-0.318587811	-0.320458701	-0.609285588	-0.593937201	-0.724327421	-0.757768081	WALKING
7	1	2	-0.290407594	-0.422544169	-0.290407594	-0.422544169	-0.281424154	-0.164150985	-0.446549093	-0.553019916	-0.54791195	-0.557798151	-0.324289428	-0.577105212	-0.169064353	-0.164091969	-0.530704815	-0.65179284	-0.583249293	-0.558104555	WALKING
8	1	11	-0.288323472	-0.487735915	-0.288323472	-0.487735915	-0.402333202	-0.403141285	-0.421801674	-0.558362783	-0.630732706	-0.753671416	-0.458514063	-0.584455992	-0.395116134	-0.417446816	-0.610222629	-0.599745438	-0.751914457	-0.773574065	WALKING
9	1	9	-0.09808405	-0.37942877	-0.09808405	-0.37942877	-0.203733616	-0.317113487	-0.294542267	-0.489725812	-0.510253996	-0.599866473	-0.318801023	-0.513891953	-0.316870716	-0.322337537	-0.51379748	-0.562714529	-0.602581618	-0.624351924	WALKING
10	1	18	-0.287908078	-0.460346465	-0.287908078	-0.460346465	-0.379269262	-0.425418661	-0.500471148	-0.608510091	-0.636485897	-0.726591779	-0.424386734	-0.565563057	-0.414037751	-0.444453486	-0.620331394	-0.668908147	-0.710596311	-0.769408386	WALKING
11	1	16	-0.258766694	-0.471809267	-0.258766694	-0.471809267	-0.363144484	-0.403386564	-0.485931933	-0.665078404	-0.671541834	-0.722808438	-0.410463242	-0.592150985	-0.378278491	-0.441447755	-0.669228541	-0.721137002	-0.72068229	-0.745726854	WALKING
12	1	5	-0.158338674	-0.377178733	-0.158338674	-0.377178733	-0.288333024	-0.282242277	-0.355933084	-0.492176824	-0.444532485	-0.489199746	-0.304992489	-0.519636926	-0.269481661	-0.305685376	-0.484262829	-0.589741507	-0.548053575	-0.455665301	WALKING
13	1	3	-0.254690333	-0.328428937	-0.254690333	-0.328428937	-0.280009317	-0.139916355	-0.466411754	-0.561510683	-0.566135218	-0.567371561	-0.290031535	-0.456373081	-0.186764517	-0.08985199	-0.569755772	-0.632643293	-0.607751646	-0.549087008	WALKING
14	1	12	-0.10220455	-0.236972869	-0.10220455	-0.236972869	-0.144064923	-0.02028505	-0.355930365	-0.413208341	-0.517493775	-0.548890451	-0.153116003	-0.408896299	-0.029912425	-0.013953909	-0.442503784	-0.494802215	-0.561176441	-0.564934013	WALKING
15	1	21	-0.123455662	-0.299709752	-0.123455662	-0.299709752	-0.148138992	-0.083848797	-0.284775645	-0.408304434	-0.426930725	-0.450369989	-0.251266389	-0.438149791	-0.14400989	-0.018673441	-0.409516081	-0.512249343	-0.499597203	-0.429323466	WALKING
16	1	19	0.064817344	-0.099392717	0.064817344	-0.099392717	0.10945099	0.035655879	0.100045071	-0.021846317	-0.164699978	-0.27148748	0.03222723	-0.324793406	0.073017993	-0.022286959	-0.095246045	-0.141598402	-0.262442823	-0.336148733	WALKING
17	1	28	-0.18066602	-0.39269402	-0.18066602	-0.39269402	-0.299223359	-0.390449724	-0.310775946	-0.460511661	-0.546248759	-0.579861194	-0.352156842	-0.511573671	-0.360811456	-0.43627301	-0.514602425	-0.516811574	-0.595965104	-0.589071731	WALKING
18	1	6	-0.166840714	-0.266734167	-0.166840714	-0.266734167	-0.195117026	-0.070602965	-0.281207841	-0.365602917	-0.321290483	-0.364708342	-0.201386608	-0.421683094	-0.055401423	-0.09649997	-0.329681123	-0.510648323	-0.366500534	-0.408078906	WALKING
19	1	26	-0.223399172	-0.421848314	-0.223399172	-0.421848314	-0.290758025	-0.279350754	-0.392092024	-0.538329286	-0.512398826	-0.603468672	-0.379836743	-0.537183967	-0.293358341	-0.268948465	-0.551927613	-0.609466217	-0.619461036	-0.612930343	WALKING
20	1	13	-0.135643868	-0.292546377	-0.135643868	-0.292546377	-0.133205035	-0.131788529	-0.218669558	-0.253240072	-0.30350821	-0.32211838	-0.234600866	-0.438388953	-0.152111501	-0.113591924	-0.267472374	-0.379951835	-0.338527134	-0.349285611	WALKING
21	1	22	0.072241912	-0.161591787	0.072241912	-0.161591787	0.022919967	0.111532925	-0.210608044	-0.390775684	-0.461999529	-0.503106312	-0.024158496	-0.381399308	0.065972729	0.158286745	-0.438378723	-0.464019127	-0.553946122	-0.47640527	WALKING
22	1	20	0.039402281	-0.156930392	0.039402281	-0.156930392	-0.04293593	0.021076572	0.068627515	-0.036785319	-0.194893253	-0.149864147	-0.003533418	-0.389934004	0.054526949	-0.031065027	-0.05200656	-0.196210236	-0.180365335	-0.171975765	WALKING
23	1	29	-0.095521339	-0.262695064	-0.095521339	-0.262695064	-0.240231677	-0.133036274	-0.280573268	-0.358814097	-0.506242118	-0.612222937	-0.235683306	-0.393257505	-0.108978206	-0.169506499	-0.416817853	-0.429156831	-0.628501116	-0.618667723	WALKING
24	1	7	-0.097809044	-0.198554708	-0.097809044	-0.198554708	-0.1929489	-0.027557329	-0.305959351	-0.198283167	-0.30002278	-0.095340116	-0.15124365	-0.351706781	-0.03841873	-0.022138358	-0.192909765	-0.343894915	-0.155339856	-0.084166377	WALKING
25	1	27	-0.238853875	-0.407355787	-0.238853875	-0.407355787	-0.230500549	-0.26613894	-0.396638754	-0.482452356	-0.562587199	-0.618718629	-0.327229406	-0.550392605	-0.259934013	-0.279732022	-0.519451704	-0.546888146	-0.6232882	-0.639242384	WALKING
26	1	14	-0.144404672	-0.363805628	-0.144404672	-0.363805628	-0.377293155	-0.439746918	-0.137208742	-0.201401931	-0.519895047	-0.606103314	-0.373516771	-0.457490009	-0.431591453	-0.453426009	-0.31138645	-0.265504552	-0.591036936	-0.655677662	WALKING
27	1	23	-0.09887702	-0.209989355	-0.09887702	-0.209989355	-0.067081966	-0.026819436	-0.012096826	0.163346452	0.011530541	0.250173204	-0.094260631	-0.407577516	-0.01807057	-0.045737233	0.185078207	-0.061476585	0.146618569	0.287834616	WALKING
28	1	30	-0.195140033	-0.359873412	-0.195140033	-0.359873412	-0.352111714	-0.353751021	-0.02296408	-0.266845731	-0.47206873	-0.546977272	-0.342363773	-0.469852795	-0.347180135	-0.366537417	-0.358344356	-0.331541741	-0.547621753	-0.578580045	WALKING
29	1	25	-0.40528943	-0.565601466	-0.40528943	-0.565601466	-0.538291425	-0.542870063	-0.394362401	-0.489809386	-0.678466069	-0.757032545	-0.566060023	-0.632927476	-0.564591342	-0.51900425	-0.562733253	-0.529262243	-0.770300896	-0.75738578	WALKING
30	1	24	-0.299983614	-0.481064019	-0.299983614	-0.481064019	-0.399722201	-0.409824563	-0.403064157	-0.563863213	-0.507824746	-0.556022766	-0.434618912	-0.590265846	-0.418641047	-0.402979984	-0.534509164	-0.668032802	-0.571594392	-0.567447732	WALKING
31	2	1	-0.129927631	-0.324970929	-0.129927631	-0.324970929	-0.466503446	-0.478991622	-0.12673559	-0.148619318	-0.594882865	-0.648553044	-0.352395945	-0.416260102	-0.442652162	-0.533059854	-0.325961457	-0.182985518	-0.634665082	-0.693930522	WALKING_UPSTAIRS
32	2	8	0.121026629	-0.227200254	0.121026629	-0.227200254	-0.141494613	-0.228296364	0.166447991	-0.109327924	-0.400664014	-0.493975032	-0.130264519	-0.409282852	-0.131850567	-0.3792665	-0.229610953	-0.183325647	-0.463270578	-0.575733291	WALKING_UPSTAIRS
33	2	15	-0.000971395	-0.136552217	-0.000971395	-0.136552217	-0.316050382	-0.313363553	-0.201217274	-0.288429009	-0.663637118	-0.748954849	-0.165242148	-0.255659341	-0.26195668	-0.391313399	-0.453693566	-0.30858587	-0.731422358	-0.793104483	WALKING_UPSTAIRS
34	2	2	-0.10732268	-0.205977045	-0.10732268	-0.205977045	-0.321268911	-0.217389395	-0.219713473	-0.377532168	-0.572816439	-0.597291719	-0.145318539	-0.366728244	-0.189511137	-0.260423839	-0.450612185	-0.438620402	-0.600798496	-0.621820203	WALKING_UPSTAIRS
35	2	17	-0.012806228	-0.10287773	-0.012806228	-0.10287773	-0.357233898	-0.39091245	-0.235191249	-0.44083726	-0.637367491	-0.682311629	-0.150305643	-0.217393171	-0.360299853	-0.437383108	-0.504066957	-0.49644458	-0.669008764	-0.724155743	WALKING_UPSTAIRS
36	2	9	-0.260727581	-0.400222037	-0.260727581	-0.400222037	-0.44066754	-0.445485398	-0.083323449	-0.425839761	-0.672840562	-0.748651256	-0.372890349	-0.509929461	-0.419533109	-0.484935752	-0.531482694	-0.456841325	-0.734159449	-0.787781591	WALKING_UPSTAIRS
37	2	18	-0.279146313	-0.37184157	-0.279146313	-0.37184157	-0.601463948	-0.57933032	-0.3691086	-0.528058134	-0.781652689	-0.835525128	-0.436561064	-0.436218933	-0.574481397	-0.587926077	-0.654029089	-0.533044636	-0.826193161	-0.860910992	WALKING_UPSTAIRS
38	2	16	-0.233990332	-0.33479508	-0.233990332	-0.33479508	-0.48321905	-0.49306713	-0.308260568	-0.518189646	-0.737705162	-0.797293228	-0.370649738	-0.418924256	-0.475597718	-0.51993124	-0.630546675	-0.532486722	-0.787833632	-0.825314327	WALKING_UPSTAIRS
39	2	11	-0.132594624	-0.289592148	-0.132594624	-0.289592148	-0.509587701	-0.490485807	-0.255048337	-0.377909862	-0.757314814	-0.80112704	-0.336061027	-0.376027879	-0.475928502	-0.513703461	-0.55009966	-0.381223383	-0.795986114	-0.822428719	WALKING_UPSTAIRS
40	2	3	-0.184014895	-0.333597433	-0.184014895	-0.333597433	-0.436901159	-0.439020592	-0.347321812	-0.408886653	-0.658861401	-0.71802804	-0.315866079	-0.447994369	-0.412920898	-0.480609202	-0.514211584	-0.445181802	-0.716877779	-0.740033436	WALKING_UPSTAIRS
41	2	12	-0.229183927	-0.285844036	-0.229183927	-0.285844036	-0.432469301	-0.329827968	-0.316561586	-0.525686949	-0.674972132	-0.713406712	-0.290005419	-0.395285131	-0.320884463	-0.346565142	-0.594032515	-0.564435087	-0.714332592	-0.733130764	WALKING_UPSTAIRS
42	2	10	-0.026662329	-0.21153748	-0.026662329	-0.21153748	-0.262038042	-0.226010198	0.043857385	-0.113062674	-0.523462969	-0.618272355	-0.166866722	-0.361437535	-0.153553147	-0.334365044	-0.265371689	-0.166969378	-0.600582998	-0.671290562	WALKING_UPSTAIRS
43	2	19	0.017381193	-0.177666828	0.017381193	-0.177666828	-0.114189606	-0.284060693	-0.061615771	-0.264401443	-0.372790527	-0.50740029	-0.079628763	-0.368253499	-0.187391317	-0.43467125	-0.288840268	-0.377132753	-0.477183915	-0.588289661	WALKING_UPSTAIRS
44	2	28	-0.186240504	-0.211928666	-0.186240504	-0.211928666	-0.388086248	-0.325362338	-0.263415283	-0.476923345	-0.620279798	-0.670132121	-0.213519365	-0.334626169	-0.294433416	-0.374495908	-0.53483541	-0.528187017	-0.662505819	-0.704852757	WALKING_UPSTAIRS
45	2	6	0.017779097	-0.079150884	0.017779097	-0.079150884	-0.207379799	-0.169970363	-0.129121244	-0.19989371	-0.342895368	-0.440079851	-0.08194794	-0.222161434	-0.169868234	-0.177734841	-0.230627015	-0.318173893	-0.459236334	-0.455937719	WALKING_UPSTAIRS
46	2	4	-0.153703935	-0.2120123	-0.153703935	-0.2120123	-0.400922255	-0.437261478	-0.299779408	-0.510974134	-0.686978374	-0.755270458	-0.276825498	-0.301005898	-0.397406285	-0.497324087	-0.575794072	-0.552489629	-0.740749226	-0.794209483	WALKING_UPSTAIRS
47	2	13	-0.101153502	-0.326339622	-0.101153502	-0.326339622	-0.456190454	-0.451225931	-0.237182958	-0.415658606	-0.631964902	-0.669216383	-0.367522801	-0.409065516	-0.425100007	-0.491090809	-0.485477309	-0.4707708	-0.656088544	-0.7122615	WALKING_UPSTAIRS
48	2	22	0.210282608	-0.158757475	0.210282608	-0.158757475	-0.095784034	-0.087650161	-0.128031924	-0.202558177	-0.568111869	-0.675633024	-0.086690512	-0.334126221	-0.045802036	-0.151299836	-0.369902	-0.234023032	-0.667996003	-0.709870535	WALKING_UPSTAIRS
49	2	20	0.008725025	-0.198269719	0.008725025	-0.198269719	-0.255611242	-0.23944437	0.022330254	-0.253929986	-0.371928416	-0.455396069	-0.205009295	-0.320241012	-0.215014032	-0.280450027	-0.286627717	-0.360948342	-0.450393446	-0.502821544	WALKING_UPSTAIRS
50	2	29	0.008343603	-0.041469605	0.008343603	-0.041469605	-0.344324833	-0.254485176	0.043962768	-0.080047615	-0.617340803	-0.712846318	-0.108306403	-0.155993756	-0.239108047	-0.280583557	-0.357213897	-0.07433147	-0.697454553	-0.756464186	WALKING_UPSTAIRS
51	2	7	-0.198074438	-0.334744607	-0.198074438	-0.334744607	-0.458695232	-0.471265711	-0.239099166	-0.418144852	-0.661969772	-0.676428073	-0.378618762	-0.415307107	-0.454783247	-0.497441363	-0.533982946	-0.444994482	-0.673327282	-0.704090968	WALKING_UPSTAIRS
52	2	5	0.043556202	-0.136736384	0.043556202	-0.136736384	-0.247403477	-0.310186546	-0.235516929	-0.35468787	-0.473488168	-0.557988066	-0.169261525	-0.254091927	-0.264674939	-0.378616676	-0.392564531	-0.440445052	-0.571344139	-0.57248502	WALKING_UPSTAIRS
53	2	14	0.140108204	-0.019768669	0.140108204	-0.019768669	-0.283663836	-0.337086267	0.365779419	0.29997598	-0.39992195	-0.485819294	-0.075985181	-0.143253889	-0.288744334	-0.409847649	0.048858867	0.236659662	-0.457250612	-0.564964076	WALKING_UPSTAIRS
54	2	23	-0.011753687	-0.271893714	-0.011753687	-0.271893714	-0.311143885	-0.362708849	-0.156527149	-0.366732989	-0.504367151	-0.551275189	-0.231382662	-0.410047643	-0.302968065	-0.454324845	-0.380388292	-0.470491576	-0.51871565	-0.632659462	WALKING_UPSTAIRS
55	2	21	-0.081045319	-0.278474284	-0.081045319	-0.278474284	-0.355047694	-0.404183876	-0.168982721	-0.420236003	-0.577935643	-0.647723419	-0.257894449	-0.403357612	-0.355443707	-0.47772185	-0.475369887	-0.483407096	-0.628915749	-0.70098041	WALKING_UPSTAIRS
56	2	30	-0.137627857	-0.327410816	-0.137627857	-0.327410816	-0.5966001	-0.561837706	-0.113608367	-0.169293534	-0.718780257	-0.774439097	-0.400588354	-0.394508081	-0.549784891	-0.580878133	-0.449150735	-0.151472278	-0.773974452	-0.791349425	WALKING_UPSTAIRS
57	2	27	-0.160589356	-0.379948786	-0.160589356	-0.379948786	-0.479067422	-0.464610567	-0.28614572	-0.501775426	-0.699895091	-0.724671165	-0.393928937	-0.468707735	-0.460770278	-0.473011559	-0.60766773	-0.523335975	-0.719179804	-0.751714313	WALKING_UPSTAIRS
58	2	25	-0.305772199	-0.48000665	-0.305772199	-0.48000665	-0.679160844	-0.67451306	-0.3186347	-0.387754116	-0.777106027	-0.824883303	-0.527907562	-0.536120293	-0.654795111	-0.703433693	-0.56715347	-0.386612993	-0.822403906	-0.841061012	WALKING_UPSTAIRS
59	2	26	-0.142874499	-0.150707107	-0.142874499	-0.150707107	-0.404463896	-0.334531345	-0.344427048	-0.51403241	-0.64809985	-0.661829657	-0.167566383	-0.274226227	-0.294970471	-0.393715352	-0.556084778	-0.569632	-0.673580663	-0.669846295	WALKING_UPSTAIRS
60	2	24	-0.226402822	-0.30685447	-0.226402822	-0.30685447	-0.488487621	-0.44106869	-0.33443584	-0.50392906	-0.658751629	-0.638180353	-0.322300989	-0.406283378	-0.429800779	-0.459647798	-0.564664995	-0.54907099	-0.64611467	-0.653876951	WALKING_UPSTAIRS
61	3	10	0.250843769	0.156998205	0.250843769	0.156998205	0.050701023	0.110877231	-0.023846804	-0.280382851	-0.401854311	-0.494105756	0.220115703	-0.061674284	0.156978047	0.03802667	-0.31234751	-0.387780104	-0.484196485	-0.544988519	WALKING_DOWNSTAIRS
62	3	8	0.176599312	0.131337867	0.176599312	0.131337867	0.26262849	0.253408256	0.099342974	-0.046629187	-0.126189143	-0.157484867	0.301626757	-0.156141094	0.33152846	0.134734731	-0.00036273	-0.255590314	-0.125179587	-0.26298447	WALKING_DOWNSTAIRS
63	3	11	0.126227657	0.050774365	0.126227657	0.050774365	-0.19820614	-0.127017223	-0.19788336	-0.339349828	-0.599294761	-0.677750588	0.090280758	-0.13712306	-0.097454997	-0.173661754	-0.456170109	-0.380559427	-0.668340528	-0.714229669	WALKING_DOWNSTAIRS
64	3	9	0.145886358	0.265120131	0.145886358	0.265120131	-0.162376089	0.039907819	-0.168921401	-0.322331465	-0.469028434	-0.455855425	0.222203941	0.088867167	0.007168779	0.070552614	-0.347540227	-0.424170737	-0.463172054	-0.485158907	WALKING_DOWNSTAIRS
65	3	4	-0.049161673	-0.081955904	-0.049161673	-0.081955904	-0.228851414	-0.216858922	-0.346606293	-0.380572625	-0.592843015	-0.637079544	-0.019074335	-0.26364403	-0.175295287	-0.280426777	-0.42921337	-0.457674088	-0.621752456	-0.685470932	WALKING_DOWNSTAIRS
66	3	13	-0.02946343	-0.01560982	-0.02946343	-0.01560982	-0.127926052	-0.043395984	-0.102114481	-0.236762631	-0.323552439	-0.27649151	0.052879188	-0.210912766	-0.028215666	-0.070989384	-0.206121707	-0.400560061	-0.266399903	-0.343094861	WALKING_DOWNSTAIRS
67	3	5	0.211138854	0.205422376	0.211138854	0.205422376	-0.063752856	-0.029257051	-0.218029835	-0.360678305	-0.397195621	-0.450303212	0.155742169	0.042853362	0.009183943	-0.0897357	-0.349338415	-0.484141274	-0.453697247	-0.487128423	WALKING_DOWNSTAIRS
68	3	14	0.185537707	0.428405923	0.185537707	0.428405923	0.035360138	0.194708839	0.166340012	-0.066514457	-0.275120883	-0.274744004	0.471905155	0.178684581	0.186223478	0.194263424	-0.078756841	-0.223927431	-0.254747132	-0.356849425	WALKING_DOWNSTAIRS
69	3	12	0.018313943	0.097260827	0.018313943	0.097260827	-0.10709102	0.065578127	-0.213351511	-0.320458626	-0.442831079	-0.452449935	0.148017269	-0.105124972	0.076996837	0.042063125	-0.34493842	-0.423553972	-0.458227491	-0.486780424	WALKING_DOWNSTAIRS
70	3	1	0.027188291	0.019884351	0.027188291	0.019884351	-0.089447481	-0.02578772	-0.075741254	-0.225724368	-0.295463843	-0.306510646	0.096584534	-0.186530301	0.026218495	-0.104052261	-0.185720286	-0.39835039	-0.281963359	-0.391919877	WALKING_DOWNSTAIRS
71	3	30	-0.037390112	-0.013577121	-0.037390112	-0.013577121	-0.293738802	-0.125283185	-0.095537321	-0.208267542	-0.574337006	-0.617662074	0.00410151	-0.178535173	-0.1259614	-0.133124305	-0.356772347	-0.252361883	-0.617578814	-0.645503942	WALKING_DOWNSTAIRS
72	3	28	0.104359217	0.135465564	0.104359217	0.135465564	-0.070756028	-0.041887261	-0.068246324	-0.224484145	-0.340417306	-0.407132335	0.188840008	-0.074058598	-0.012882383	-0.088359852	-0.223354794	-0.362903837	-0.396720714	-0.464722244	WALKING_DOWNSTAIRS
73	3	6	0.333754731	0.373611914	0.333754731	0.373611914	0.103845072	0.209502174	0.014267782	-0.042627675	-0.082936685	-0.111228416	0.395958035	0.144622757	0.243834259	0.154808861	-0.014373543	-0.242353857	-0.132705384	-0.145733545	WALKING_DOWNSTAIRS
74	3	15	0.320449387	0.353204008	0.320449387	0.353204008	-0.037266607	0.159631711	-0.121686321	-0.284249712	-0.509466648	-0.563640131	0.331150229	0.153124178	0.158413335	0.150507751	-0.373898631	-0.349387206	-0.565396131	-0.593472444	WALKING_DOWNSTAIRS
75	3	24	-0.073769916	-0.022483912	-0.073769916	-0.022483912	-0.263106945	-0.14350197	-0.304965806	-0.363694877	-0.497152238	-0.459159852	-0.023170163	-0.175291709	-0.200830137	-0.082755491	-0.374298687	-0.47014727	-0.474449926	-0.478030486	WALKING_DOWNSTAIRS
76	3	2	0.08995112	0.215586335	0.08995112	0.215586335	0.005655163	0.229617185	-0.162188587	-0.274844111	-0.410872671	-0.343187875	0.293424827	-0.021478788	0.22224741	0.227480733	-0.320838544	-0.372576755	-0.380175306	-0.343698985	WALKING_DOWNSTAIRS
77	3	22	0.330999222	0.133267479	0.330999222	0.133267479	-0.017978463	-0.033764098	-0.16133331	-0.263921984	-0.459579671	-0.617659356	0.155526859	-0.057520261	0.022478354	-0.118530349	-0.338417326	-0.341863672	-0.583510518	-0.697451439	WALKING_DOWNSTAIRS
78	3	29	0.103705166	0.13448115	0.103705166	0.13448115	-0.138637624	-0.030769337	-0.122968109	-0.267409798	-0.539174456	-0.597057049	0.115973968	-0.033086811	0.000448896	-0.079771432	-0.381459882	-0.323024575	-0.596578626	-0.626675982	WALKING_DOWNSTAIRS
79	3	7	0.019879529	0.214544028	0.019879529	0.214544028	-0.170319619	0.090183628	-0.188740819	-0.259751603	-0.399229959	-0.294778677	0.218911066	0.021444098	0.067389886	0.10785684	-0.255045057	-0.396909652	-0.289096677	-0.353544696	WALKING_DOWNSTAIRS
80	3	16	0.191079794	0.119183741	0.191079794	0.119183741	-0.165908811	-0.078349888	-0.309820427	-0.422315317	-0.590896636	-0.595822214	0.114032089	-0.053413718	-0.074565908	-0.091962337	-0.48825394	-0.479939846	-0.58966315	-0.633479805	WALKING_DOWNSTAIRS
81	3	25	-0.220108595	-0.25946525	-0.220108595	-0.25946525	-0.500483331	-0.48297693	-0.216082566	-0.382160921	-0.664713625	-0.679605951	-0.288154788	-0.35943708	-0.471642112	-0.502224768	-0.485763582	-0.42370733	-0.687034281	-0.693032409	WALKING_DOWNSTAIRS
82	3	3	-0.062812612	-0.041134008	-0.062812612	-0.041134008	-0.205239247	-0.092632449	-0.215294501	-0.245794699	-0.508567577	-0.583919211	0.02894132	-0.233849422	-0.049477977	-0.159102288	-0.332376629	-0.322440827	-0.576277199	-0.624910821	WALKING_DOWNSTAIRS
83	3	23	0.127211138	0.230363964	0.127211138	0.230363964	0.112982476	0.2920872	0.039091548	0.05399729	-0.046311777	0.059490848	0.364829993	-0.045393035	0.335009724	0.224480504	0.150825735	-0.218930426	0.074675464	-0.039857378	WALKING_DOWNSTAIRS
84	3	21	0.245771699	0.264341904	0.245771699	0.264341904	-0.08022418	0.09523394	-0.18485002	-0.388420329	-0.452828682	-0.509130858	0.239895894	0.079127139	0.11244262	0.063205315	-0.406392284	-0.484489974	-0.490804948	-0.571666834	WALKING_DOWNSTAIRS
85	3	19	0.644604325	0.413472377	0.644604325	0.413472377	0.434490401	0.450612066	0.418004609	0.237821232	0.087581662	-0.043898502	0.586637551	0.082863062	0.538404846	0.316346415	0.203979765	0.032036667	-0.02290453	-0.143254548	WALKING_DOWNSTAIRS
86	3	17	0.148951104	0.091407676	0.148951104	0.091407676	-0.221631694	-0.206576684	-0.232641763	-0.352687281	-0.540325788	-0.592319491	0.058068052	-0.061887677	-0.1886804	-0.236538516	-0.409438758	-0.428868688	-0.57734888	-0.643399204	WALKING_DOWNSTAIRS
87	3	26	0.114379384	0.147001679	0.114379384	0.147001679	-0.148856266	-0.111303956	-0.235314623	-0.296158292	-0.41877981	-0.463140795	0.075101685	0.005749437	-0.153172029	-0.067941076	-0.334509947	-0.392990653	-0.472200753	-0.489497379	WALKING_DOWNSTAIRS
88	3	18	-0.293531974	-0.229934247	-0.293531974	-0.229934247	-0.466516044	-0.382517333	-0.381022815	-0.507995478	-0.701663074	-0.744159519	-0.241973535	-0.344299434	-0.383398713	-0.386565072	-0.604735414	-0.533844932	-0.744236045	-0.763430802	WALKING_DOWNSTAIRS
89	3	27	0.108071383	0.121176278	0.108071383	0.121176278	-0.115421211	-0.038636742	-0.164783207	-0.30795209	-0.440546586	-0.465807534	0.149816459	-0.071212004	0.010857564	-0.113625945	-0.359113725	-0.397984196	-0.467777769	-0.502831373	WALKING_DOWNSTAIRS
90	3	20	0.221851588	0.172636361	0.221851588	0.172636361	-0.061269984	0.046718584	0.093841944	-0.030576244	-0.268183424	-0.27559188	0.151887747	0.000242175	0.013791715	0.07903798	-0.100566104	-0.151681987	-0.311668473	-0.281657286	WALKING_DOWNSTAIRS
91	4	11	-0.961970764	-0.944581826	-0.961970764	-0.944581826	-0.979355635	-0.974511727	-0.951884472	-0.959964488	-0.989519031	-0.986256665	-0.953066009	-0.948521986	-0.975315332	-0.972289134	-0.969799951	-0.960711242	-0.987255973	-0.985607229	SITTING
92	4	4	-0.93569482	-0.914407845	-0.93569482	-0.914407845	-0.970132284	-0.96254911	-0.926063314	-0.928898293	-0.980490462	-0.97580669	-0.929002095	-0.91981571	-0.962500734	-0.961584519	-0.948769752	-0.928850554	-0.976547763	-0.976261754	SITTING
93	4	13	-0.957690564	-0.937935739	-0.957690564	-0.937935739	-0.989497839	-0.988813098	-0.951142644	-0.963940591	-0.992604304	-0.991414935	-0.95690156	-0.938529931	-0.988348535	-0.988332303	-0.973258278	-0.964268098	-0.991723742	-0.991219446	SITTING
94	4	5	-0.937978323	-0.920939028	-0.937978323	-0.920939028	-0.969320156	-0.965757732	-0.934301647	-0.93141481	-0.973848287	-0.97039261	-0.936290605	-0.925669291	-0.964440302	-0.966545323	-0.944760322	-0.934746865	-0.97159837	-0.970675403	SITTING
95	4	14	-0.944197944	-0.92549583	-0.944197944	-0.92549583	-0.976521006	-0.973343389	-0.942756369	-0.947081158	-0.988317607	-0.98696399	-0.940589853	-0.929193937	-0.972985343	-0.972959409	-0.963320541	-0.946517964	-0.987324239	-0.987065178	SITTING
96	4	12	-0.952176621	-0.9475171	-0.952176621	-0.9475171	-0.97473449	-0.972745893	-0.941907241	-0.946769242	-0.980392338	-0.978260536	-0.955944253	-0.950647189	-0.971715269	-0.972951443	-0.958511867	-0.948460979	-0.978484454	-0.979256387	SITTING
97	4	10	-0.9607572	-0.939669591	-0.9607572	-0.939669591	-0.988054238	-0.985209856	-0.944202044	-0.963064578	-0.993707488	-0.991696196	-0.955281011	-0.941511953	-0.985900801	-0.983266741	-0.974459733	-0.962459956	-0.992191529	-0.991409101	SITTING
98	4	8	-0.952139704	-0.929943616	-0.952139704	-0.929943616	-0.986061512	-0.980667377	-0.932682243	-0.953001632	-0.991807428	-0.986756671	-0.947981783	-0.93172124	-0.980932292	-0.979320212	-0.965806789	-0.953251157	-0.987730604	-0.986147263	SITTING
99	4	28	-0.955789709	-0.947782703	-0.955789709	-0.947782703	-0.973274367	-0.970301646	-0.955175567	-0.951065984	-0.981213159	-0.978441918	-0.953928124	-0.952281424	-0.969178687	-0.970823336	-0.960297525	-0.953534293	-0.979465869	-0.97839537	SITTING
100	4	6	-0.949543531	-0.931572656	-0.949543531	-0.931572656	-0.962733502	-0.948181828	-0.932703812	-0.921259473	-0.962929228	-0.950150572	-0.935750391	-0.939547203	-0.948348654	-0.9473047	-0.929725679	-0.929549142	-0.952034566	-0.951196693	SITTING
101	4	15	-0.958669836	-0.937977906	-0.958669836	-0.937977906	-0.986107839	-0.984639018	-0.957331628	-0.963475075	-0.992188894	-0.989720049	-0.949752001	-0.941195938	-0.984689437	-0.983276252	-0.97376218	-0.963378228	-0.990180959	-0.989503942	SITTING
102	4	24	-0.968979156	-0.963779683	-0.968979156	-0.963779683	-0.985555822	-0.985418456	-0.964633252	-0.969257163	-0.991306425	-0.990724531	-0.968905031	-0.965852262	-0.984469963	-0.98561372	-0.977973721	-0.969105899	-0.990854751	-0.990933058	SITTING
103	4	2	-0.967893624	-0.953081444	-0.967893624	-0.953081444	-0.986774713	-0.984475868	-0.946035087	-0.961313624	-0.991081494	-0.98959492	-0.961273748	-0.955575602	-0.983874699	-0.984124186	-0.971840596	-0.961385745	-0.989861951	-0.989632909	SITTING
104	4	9	-0.893361718	-0.863756434	-0.893361718	-0.863756434	-0.964383757	-0.951780243	-0.903235537	-0.906606321	-0.973364137	-0.966361073	-0.897718197	-0.869172511	-0.953050441	-0.949394981	-0.934437738	-0.906471229	-0.968315588	-0.965997015	SITTING
105	4	29	-0.978017022	-0.969290317	-0.978017022	-0.969290317	-0.990719808	-0.990531729	-0.962377332	-0.971578025	-0.995392308	-0.994905344	-0.973346532	-0.97121802	-0.990093704	-0.989822909	-0.980269426	-0.971011373	-0.995063049	-0.994742028	SITTING
106	4	7	-0.918432107	-0.88195762	-0.918432107	-0.88195762	-0.976559676	-0.970243274	-0.897870535	-0.898063314	-0.981665122	-0.97621443	-0.908956776	-0.886915638	-0.970954184	-0.968494868	-0.933081955	-0.895804978	-0.978634991	-0.974965939	SITTING
107	4	16	-0.961879681	-0.941051236	-0.961879681	-0.941051236	-0.987472699	-0.983615334	-0.946417382	-0.937942405	-0.992444606	-0.988261253	-0.958335481	-0.94258825	-0.983968636	-0.982190555	-0.954060994	-0.938863215	-0.989363136	-0.987506349	SITTING
108	4	25	-0.970409337	-0.960003414	-0.970409337	-0.960003414	-0.989545142	-0.988311805	-0.966568719	-0.970639126	-0.99286465	-0.991766403	-0.967017993	-0.961997268	-0.987941826	-0.987618801	-0.979350914	-0.970321897	-0.991781702	-0.99201956	SITTING
109	4	3	-0.89538335	-0.8703017	-0.89538335	-0.8703017	-0.969080753	-0.966550084	-0.919354372	-0.925518104	-0.977998052	-0.976772676	-0.904185726	-0.874626592	-0.965888892	-0.966568853	-0.946664944	-0.925449629	-0.977898106	-0.976689803	SITTING
110	4	1	-0.948536786	-0.927078419	-0.948536786	-0.927078419	-0.987364196	-0.984120024	-0.93089249	-0.93453184	-0.991976341	-0.988308729	-0.947782923	-0.928444802	-0.985262127	-0.981606177	-0.958435589	-0.932198375	-0.989797547	-0.987049617	SITTING
111	4	30	-0.957487221	-0.942901467	-0.957487221	-0.942901467	-0.987799056	-0.98605764	-0.955847324	-0.960641288	-0.993737388	-0.991280225	-0.959923388	-0.943543733	-0.985826331	-0.985294959	-0.973876283	-0.959513937	-0.991750682	-0.990946425	SITTING
112	4	19	-0.962074066	-0.951755657	-0.962074066	-0.951755657	-0.986423976	-0.984205185	-0.942229044	-0.950491808	-0.989450317	-0.985831285	-0.962632578	-0.952802278	-0.983751647	-0.983687273	-0.964238768	-0.950484417	-0.986727418	-0.985416445	SITTING
113	4	17	-0.972747346	-0.965065191	-0.972747346	-0.965065191	-0.992814715	-0.991446499	-0.967177744	-0.975410255	-0.996334795	-0.994446756	-0.973626755	-0.96539968	-0.99142725	-0.990319626	-0.983369292	-0.974710853	-0.995204564	-0.993624524	SITTING
114	4	26	-0.953079994	-0.933602783	-0.953079994	-0.933602783	-0.990898436	-0.989986112	-0.954052946	-0.964742022	-0.994466446	-0.994033207	-0.952411044	-0.934587699	-0.989481943	-0.989521273	-0.97646387	-0.963650652	-0.993985448	-0.99420977	SITTING
115	4	18	-0.983674152	-0.981595286	-0.983674152	-0.981595286	-0.989869575	-0.991159351	-0.977634992	-0.981372676	-0.99487344	-0.994868914	-0.984781467	-0.982226152	-0.990407076	-0.991044298	-0.986535242	-0.981252633	-0.994808188	-0.994967622	SITTING
116	4	27	-0.979481669	-0.969526675	-0.979481669	-0.969526675	-0.989467178	-0.98920054	-0.963565474	-0.970782133	-0.994034711	-0.99211283	-0.974766467	-0.970885297	-0.988773269	-0.988531651	-0.979482821	-0.970528266	-0.992390264	-0.991967776	SITTING
117	4	22	-0.942167354	-0.924336184	-0.942167354	-0.924336184	-0.979303714	-0.968576777	-0.942077433	-0.933268487	-0.985476035	-0.976503766	-0.943078237	-0.92679803	-0.968908297	-0.967026276	-0.951952767	-0.93356301	-0.977775448	-0.976318115	SITTING
118	4	20	-0.952738043	-0.937764028	-0.952738043	-0.937764028	-0.978774578	-0.972537872	-0.939574436	-0.94106991	-0.983010276	-0.97507615	-0.946913452	-0.942151232	-0.971730463	-0.972597744	-0.953399068	-0.943725756	-0.976108354	-0.975226588	SITTING
119	4	23	-0.944080773	-0.924963263	-0.944080773	-0.924963263	-0.982375503	-0.973668776	-0.936593427	-0.937006097	-0.986514066	-0.979226998	-0.94583783	-0.927090118	-0.974121467	-0.972117017	-0.952293277	-0.938680777	-0.980707211	-0.978499038	SITTING
120	4	21	-0.974734999	-0.971994251	-0.974734999	-0.971994251	-0.985947225	-0.986520865	-0.964971114	-0.971225062	-0.99030735	-0.990302233	-0.974829227	-0.974447593	-0.985342359	-0.98699155	-0.977839702	-0.972027251	-0.990014273	-0.991062205	SITTING
121	5	7	-0.942724659	-0.933590157	-0.942724659	-0.933590157	-0.973381306	-0.968566356	-0.943425565	-0.918438959	-0.977377083	-0.97210793	-0.94561145	-0.937287965	-0.967417888	-0.969092162	-0.938704985	-0.919848139	-0.973671169	-0.971899418	STANDING
122	5	5	-0.906104701	-0.879773801	-0.906104701	-0.879773801	-0.956863566	-0.942962048	-0.900671631	-0.867041712	-0.958405901	-0.947970724	-0.904641393	-0.886745171	-0.941825903	-0.94360196	-0.904543922	-0.868913994	-0.952286438	-0.946196463	STANDING
123	5	6	-0.945022876	-0.93931025	-0.945022876	-0.93931025	-0.967102436	-0.956099146	-0.939404744	-0.915891573	-0.963406223	-0.952536234	-0.945949804	-0.944564108	-0.955914005	-0.955381579	-0.926664297	-0.923108762	-0.955425138	-0.952088499	STANDING
124	5	4	-0.906478052	-0.890976683	-0.906478052	-0.890976683	-0.963370738	-0.958159482	-0.900982101	-0.885144318	-0.967614074	-0.964282784	-0.917614015	-0.895340042	-0.956139284	-0.960032499	-0.914209166	-0.887194404	-0.964471139	-0.966430218	STANDING
125	5	1	-0.984278207	-0.981942929	-0.984278207	-0.981942929	-0.992367791	-0.993096209	-0.976493793	-0.978690029	-0.994966791	-0.994733239	-0.985356361	-0.982313805	-0.992542478	-0.992536003	-0.984617623	-0.978466072	-0.994815377	-0.994671123	STANDING
126	5	10	-0.951988908	-0.937264538	-0.951988908	-0.937264538	-0.965163818	-0.952058215	-0.92978726	-0.92048681	-0.971637662	-0.96440941	-0.940110168	-0.945048243	-0.95163369	-0.952105965	-0.937786743	-0.92296155	-0.965614081	-0.965055815	STANDING
127	5	8	-0.953762884	-0.937187185	-0.953762884	-0.937187185	-0.984920798	-0.979932239	-0.952848497	-0.95322479	-0.987580588	-0.982460332	-0.953746071	-0.938628186	-0.979745872	-0.979135441	-0.964564224	-0.954119826	-0.983709233	-0.981832336	STANDING
128	5	17	-0.977635981	-0.97537731	-0.977635981	-0.97537731	-0.991742754	-0.990363248	-0.978184577	-0.977680837	-0.993672974	-0.992372117	-0.980967748	-0.975504841	-0.990162799	-0.989472087	-0.984291132	-0.977263419	-0.992723939	-0.992177304	STANDING
129	5	26	-0.968511694	-0.962697299	-0.968511694	-0.962697299	-0.986985214	-0.982626253	-0.968673956	-0.962653586	-0.988544825	-0.984253792	-0.97060525	-0.963909299	-0.982876889	-0.981129313	-0.972333109	-0.962967606	-0.985762256	-0.983313996	STANDING
130	5	24	-0.950061018	-0.947901012	-0.950061018	-0.947901012	-0.977620954	-0.973108343	-0.954518594	-0.953104779	-0.982387269	-0.979995719	-0.960066088	-0.949522556	-0.972251355	-0.97319551	-0.963922314	-0.954407177	-0.981119238	-0.9797551	STANDING
131	5	2	-0.965875181	-0.957874965	-0.965875181	-0.957874965	-0.980489077	-0.97667528	-0.963466342	-0.95394338	-0.983951904	-0.977204428	-0.964052166	-0.960519381	-0.977065296	-0.97516046	-0.961775905	-0.956788726	-0.977849827	-0.977754298	STANDING
132	5	11	-0.984853837	-0.980305369	-0.984853837	-0.980305369	-0.989242377	-0.988853961	-0.979978011	-0.977071437	-0.993428184	-0.992579167	-0.982255414	-0.98150397	-0.988636595	-0.988021231	-0.98257652	-0.977437711	-0.99298102	-0.992277469	STANDING
133	5	9	-0.945167482	-0.93610501	-0.945167482	-0.93610501	-0.969524579	-0.963764178	-0.921030223	-0.908291403	-0.969824044	-0.965287051	-0.946330172	-0.940265546	-0.963242884	-0.96359316	-0.929769068	-0.91090966	-0.967491628	-0.964770799	STANDING
134	5	18	-0.972607495	-0.972285545	-0.972607495	-0.972285545	-0.985965294	-0.986015286	-0.963006793	-0.959797118	-0.988685955	-0.988519666	-0.976797646	-0.973264854	-0.984987073	-0.986277357	-0.972352593	-0.959113457	-0.988960669	-0.988407465	STANDING
135	5	27	-0.972753287	-0.966360115	-0.972753287	-0.966360115	-0.98534762	-0.98415909	-0.968702957	-0.965693334	-0.989532104	-0.988819784	-0.973186182	-0.967529105	-0.984151646	-0.983022278	-0.975525566	-0.96540017	-0.989418483	-0.988579092	STANDING
136	5	25	-0.972663592	-0.968075629	-0.972663592	-0.968075629	-0.984647071	-0.982637081	-0.967077443	-0.959884274	-0.985091991	-0.98323081	-0.972355393	-0.97020366	-0.982294171	-0.982083315	-0.9689725	-0.961090397	-0.98401783	-0.983098936	STANDING
137	5	3	-0.925430819	-0.915143304	-0.925430819	-0.915143304	-0.95930384	-0.948770043	-0.892089349	-0.882125221	-0.96233934	-0.957679767	-0.926968932	-0.921836077	-0.948627468	-0.948206814	-0.913682363	-0.883439718	-0.960331718	-0.95712151	STANDING
138	5	12	-0.941459935	-0.935232945	-0.941459935	-0.935232945	-0.968790683	-0.962678857	-0.888101373	-0.852271618	-0.969289974	-0.961923172	-0.945217803	-0.939741929	-0.96085901	-0.964145595	-0.902356766	-0.850033172	-0.963059792	-0.962909739	STANDING
139	5	21	-0.958774298	-0.956919898	-0.958774298	-0.956919898	-0.974765162	-0.971606515	-0.949837152	-0.945614402	-0.976857084	-0.976153688	-0.962291334	-0.960041844	-0.970634296	-0.971926117	-0.956723022	-0.947763173	-0.976126761	-0.97770662	STANDING
140	5	19	-0.960505684	-0.962549342	-0.960505684	-0.962549342	-0.983068924	-0.979640838	-0.941745041	-0.937951032	-0.985801638	-0.983069428	-0.968910789	-0.964259111	-0.979135413	-0.979179149	-0.95857813	-0.936723548	-0.98453661	-0.982228582	STANDING
141	5	28	-0.925471652	-0.917658334	-0.925471652	-0.917658334	-0.959551987	-0.954068392	-0.89424247	-0.876917546	-0.959681019	-0.95626648	-0.929146479	-0.923857158	-0.952727765	-0.954963155	-0.909652436	-0.878459662	-0.958758577	-0.955983425	STANDING
142	5	20	-0.922406857	-0.910672095	-0.922406857	-0.910672095	-0.956624899	-0.938454372	-0.883675029	-0.84368341	-0.947936501	-0.926328788	-0.921225595	-0.91865188	-0.940007897	-0.936025033	-0.879437675	-0.849127347	-0.929600007	-0.92722572	STANDING
143	5	15	-0.961207616	-0.948600433	-0.961207616	-0.948600433	-0.981495126	-0.979994801	-0.946961381	-0.931286779	-0.984407078	-0.981432828	-0.960337344	-0.950204046	-0.979078786	-0.980184087	-0.9567339	-0.928838304	-0.983188092	-0.980329709	STANDING
144	5	13	-0.971564243	-0.968519674	-0.971564243	-0.968519674	-0.986800028	-0.981865617	-0.957825372	-0.944980198	-0.983637635	-0.97619766	-0.972393559	-0.970445379	-0.981977536	-0.980621263	-0.957488799	-0.946857485	-0.977197404	-0.97646733	STANDING
145	5	22	-0.954807661	-0.939866315	-0.954807661	-0.939866315	-0.975876007	-0.958825095	-0.931624304	-0.900776556	-0.978603529	-0.966086148	-0.949044483	-0.943739135	-0.959743878	-0.95665396	-0.932065271	-0.900222411	-0.968377798	-0.965344727	STANDING
146	5	14	-0.943456847	-0.936735577	-0.943456847	-0.936735577	-0.972965788	-0.970437183	-0.943530017	-0.931426204	-0.974873328	-0.966834217	-0.94971506	-0.93979987	-0.970214126	-0.969677516	-0.944405564	-0.934815561	-0.969175637	-0.966019259	STANDING
147	5	29	-0.984745319	-0.981745713	-0.984745319	-0.981745713	-0.99078542	-0.99049569	-0.98065734	-0.975358665	-0.992144699	-0.991453632	-0.984548095	-0.982247716	-0.989793893	-0.990327935	-0.980879723	-0.975938729	-0.991672052	-0.991516778	STANDING
148	5	16	-0.969948825	-0.957294494	-0.969948825	-0.957294494	-0.989205232	-0.986761551	-0.972528178	-0.964105768	-0.992848576	-0.990809427	-0.971082558	-0.957173572	-0.986502688	-0.985912717	-0.975448632	-0.963574736	-0.99117243	-0.990672801	STANDING
149	5	23	-0.957212267	-0.951669858	-0.957212267	-0.951669858	-0.978671485	-0.974811528	-0.938430293	-0.923796566	-0.976399253	-0.972387365	-0.957986177	-0.955291356	-0.973798156	-0.975053688	-0.94458383	-0.924805421	-0.972598811	-0.973849691	STANDING
150	5	30	-0.930573575	-0.916570441	-0.930573575	-0.916570441	-0.97122519	-0.950762271	-0.913890565	-0.887247637	-0.972995274	-0.955995672	-0.932047451	-0.921733233	-0.953357616	-0.946639847	-0.917449417	-0.888872228	-0.959242165	-0.955008564	STANDING
151	6	7	-0.936392024	-0.907039513	-0.936392024	-0.907039513	-0.98012724	-0.967310932	-0.915793635	-0.918662459	-0.983008829	-0.971205138	-0.927976881	-0.910542463	-0.968066259	-0.965359228	-0.941130719	-0.918892519	-0.974117912	-0.969403035	LAYING
152	6	6	-0.918878851	-0.897326246	-0.918878851	-0.897326246	-0.954750505	-0.950341934	-0.908980175	-0.920914497	-0.955645738	-0.953157002	-0.912351652	-0.90537398	-0.948655471	-0.951552664	-0.930153639	-0.92869489	-0.953695957	-0.955504655	LAYING
153	6	1	-0.841929153	-0.795144864	-0.841929153	-0.795144864	-0.954396265	-0.928245628	-0.874759548	-0.81901017	-0.96346103	-0.935840983	-0.861767648	-0.79830094	-0.933300361	-0.921803976	-0.862190185	-0.82431944	-0.942366947	-0.932660668	LAYING
154	6	8	-0.935308634	-0.91325033	-0.935308634	-0.91325033	-0.97314749	-0.962954517	-0.924253349	-0.932470764	-0.978438191	-0.969029112	-0.932279646	-0.917257979	-0.961792852	-0.963791094	-0.944528951	-0.93678697	-0.968403946	-0.97179328	LAYING
155	6	17	-0.953021411	-0.948257994	-0.953021411	-0.948257994	-0.981607628	-0.980126745	-0.960733122	-0.959325499	-0.985542411	-0.982038121	-0.961046326	-0.949042532	-0.979687319	-0.979657231	-0.969014445	-0.960023839	-0.982765526	-0.981983438	LAYING
156	6	4	-0.954557603	-0.931292217	-0.954557603	-0.931292217	-0.970095772	-0.960786431	-0.930236463	-0.947031782	-0.985068502	-0.982698214	-0.939389701	-0.937187976	-0.962287125	-0.958037119	-0.96155666	-0.947100325	-0.983609073	-0.982543632	LAYING
157	6	24	-0.971854043	-0.969354834	-0.971854043	-0.969354834	-0.985529271	-0.983605927	-0.953791513	-0.957829935	-0.982780874	-0.978659102	-0.973171068	-0.971063024	-0.983108084	-0.983285116	-0.964001383	-0.961369085	-0.978596741	-0.980096981	LAYING
158	6	2	-0.977435485	-0.972873913	-0.977435485	-0.972873913	-0.987741696	-0.985518076	-0.95001157	-0.961164054	-0.991767074	-0.989718095	-0.975110196	-0.975121388	-0.985374115	-0.984568489	-0.972112973	-0.961098379	-0.990248702	-0.98949266	LAYING
159	6	11	-0.98062118	-0.972891829	-0.98062118	-0.972891829	-0.983330628	-0.976504859	-0.952523752	-0.954713183	-0.990641248	-0.984476477	-0.973994005	-0.976037696	-0.976940775	-0.975126531	-0.967093356	-0.954849054	-0.985978837	-0.983569468	LAYING
160	6	9	-0.930868438	-0.9151268	-0.930868438	-0.9151268	-0.963374549	-0.955026805	-0.9071251	-0.898557874	-0.964524819	-0.95280156	-0.926604295	-0.921929738	-0.954320586	-0.955094712	-0.918605336	-0.903400581	-0.955806255	-0.95229047	LAYING
161	6	18	-0.986456242	-0.986464543	-0.986456242	-0.986464543	-0.98832154	-0.989526278	-0.980740847	-0.980560878	-0.993095123	-0.992153054	-0.986788412	-0.987648484	-0.988548418	-0.989710657	-0.984329092	-0.981468842	-0.991901008	-0.992737962	LAYING
162	6	5	-0.966777883	-0.958612786	-0.966777883	-0.958612786	-0.980141254	-0.977477145	-0.946938301	-0.958287922	-0.986419423	-0.98377138	-0.962234984	-0.962525369	-0.97735638	-0.976381935	-0.968257069	-0.959263063	-0.984618026	-0.983434493	LAYING
163	6	25	-0.560477776	-0.649254768	-0.560477776	-0.649254768	-0.962161356	-0.961931605	-0.809688545	-0.85601737	-0.969783262	-0.968309523	-0.774481944	-0.651353242	-0.960083147	-0.963601213	-0.910126994	-0.850661341	-0.968251609	-0.970457948	LAYING
164	6	3	-0.972791346	-0.964218176	-0.972791346	-0.964218176	-0.979484593	-0.976121298	-0.951564751	-0.954275111	-0.986713625	-0.983139256	-0.965524275	-0.968350217	-0.975949598	-0.975305378	-0.964586725	-0.955441856	-0.984278251	-0.982568158	LAYING
165	6	12	-0.948204676	-0.936542687	-0.948204676	-0.936542687	-0.969843834	-0.962580915	-0.930840594	-0.935725716	-0.971067769	-0.962012018	-0.94386744	-0.942133255	-0.962448419	-0.961653004	-0.945497023	-0.940373828	-0.963949607	-0.961911612	LAYING
166	6	10	-0.95678182	-0.940301654	-0.95678182	-0.940301654	-0.976234435	-0.967556981	-0.937590999	-0.927471166	-0.970830849	-0.959632932	-0.950848109	-0.944304975	-0.968561122	-0.965377553	-0.937692643	-0.933701315	-0.960976822	-0.960772876	LAYING
167	6	19	-0.966260807	-0.963193489	-0.966260807	-0.963193489	-0.98478434	-0.980668288	-0.953263433	-0.955906647	-0.985342498	-0.980245511	-0.971957401	-0.964056774	-0.980621564	-0.979452188	-0.965624724	-0.957496024	-0.98189047	-0.979327847	LAYING
168	6	28	-0.95811223	-0.95457403	-0.95811223	-0.95457403	-0.978455342	-0.973312648	-0.937106921	-0.928940913	-0.978220271	-0.969773277	-0.961035588	-0.957564019	-0.973436249	-0.972336129	-0.944218369	-0.931675004	-0.971830582	-0.969319821	LAYING
169	6	26	-0.976785042	-0.96435519	-0.976785042	-0.96435519	-0.989970604	-0.989101949	-0.951863595	-0.965676822	-0.99219798	-0.989917354	-0.969269114	-0.966576632	-0.989138184	-0.987901463	-0.97430518	-0.966139219	-0.990430914	-0.989628012	LAYING
170	6	15	-0.955340662	-0.943314108	-0.955340662	-0.943314108	-0.979890228	-0.973644463	-0.944605127	-0.924043008	-0.983235025	-0.973650042	-0.956001034	-0.94550856	-0.973681223	-0.972530078	-0.946812642	-0.923682245	-0.975727854	-0.972645711	LAYING
171	6	13	-0.960517768	-0.947944747	-0.960517768	-0.947944747	-0.985467854	-0.980066243	-0.944303112	-0.944687481	-0.985446265	-0.975113306	-0.959535494	-0.949431319	-0.980754386	-0.97804435	-0.957681621	-0.946133432	-0.978150814	-0.972798632	LAYING
172	6	22	-0.934993799	-0.909407761	-0.934993799	-0.909407761	-0.971169779	-0.959849822	-0.926616373	-0.923911566	-0.981716936	-0.974201691	-0.929818991	-0.913267251	-0.962654792	-0.955635614	-0.946055841	-0.923552358	-0.976638981	-0.972789021	LAYING
173	6	20	-0.960743126	-0.939489445	-0.960743126	-0.939489445	-0.984670074	-0.980161687	-0.960447373	-0.962153598	-0.986749501	-0.981079302	-0.952827071	-0.941894086	-0.979695458	-0.979565197	-0.969832241	-0.964205915	-0.981119821	-0.981986153	LAYING
174	6	29	-0.986493197	-0.981572148	-0.986493197	-0.981572148	-0.992725368	-0.994646917	-0.971923623	-0.977040093	-0.997322527	-0.997666072	-0.986800645	-0.981599784	-0.993998276	-0.994366668	-0.984001342	-0.976679046	-0.997617389	-0.997585231	LAYING
175	6	27	-0.982091652	-0.978920176	-0.982091652	-0.978920176	-0.988372774	-0.988586771	-0.966917594	-0.971915733	-0.994355044	-0.993484313	-0.981389018	-0.980296339	-0.988098903	-0.98817486	-0.979890668	-0.971806237	-0.993563779	-0.993552299	LAYING
176	6	16	-0.961834635	-0.957895928	-0.961834635	-0.957895928	-0.988349657	-0.987891004	-0.9517771	-0.959020036	-0.990839526	-0.988212425	-0.968020521	-0.958111896	-0.987514525	-0.98724716	-0.970249639	-0.958975084	-0.988695278	-0.988058401	LAYING
177	6	14	-0.90597825	-0.856593119	-0.90597825	-0.856593119	-0.972576393	-0.966450909	-0.904665418	-0.913433186	-0.975621183	-0.964009922	-0.899463669	-0.859606047	-0.967988596	-0.963607434	-0.930151731	-0.917760105	-0.966455343	-0.963666018	LAYING
178	6	23	-0.962959197	-0.957871991	-0.962959197	-0.957871991	-0.987010197	-0.986685652	-0.949418001	-0.957227586	-0.984557479	-0.981314832	-0.967747053	-0.958465695	-0.985905704	-0.986540201	-0.966239348	-0.959025538	-0.981846854	-0.981585141	LAYING
179	6	21	-0.952596583	-0.942186431	-0.952596583	-0.942186431	-0.982800331	-0.978552619	-0.94927889	-0.949289148	-0.985915907	-0.982246472	-0.953769071	-0.944449071	-0.978444124	-0.977604879	-0.962349013	-0.949736575	-0.982993315	-0.982305117	LAYING
180	6	30	-0.969829984	-0.960167907	-0.969829984	-0.960167907	-0.97923282	-0.96964229	-0.962284921	-0.951264441	-0.985086413	-0.976177143	-0.96284082	-0.964051811	-0.96994927	-0.968087778	-0.962001199	-0.952644449	-0.977821336	-0.975481549	LAYING
